Vector Kr : 
196
102
81
5
33
250
220
148
255
221
216
105
147
224
70
47
251
73
189
94
70
13
8
63
86
207
36
5
67
154
162
186
37
53
129
228
186
218
124
102
170
122
13
90
207
13
173
91
59
86
28
127
15
184
131
223
93
9
235
23
116
64
221
29
188
247
41
107
117
46
17
87
190
105
100
110
157
26
53
78
191
192
44
161
104
197
151
108
16
133
194
175
57
179
191
246
25
138
114
193
141
73
34
141
48
142
171
92
209
206
188
234
8
13
205
56
85
87
135
12
1
68
91
84
101
123
9
190
114
200
79
21
233
70
28
30
192
16
16
140
169
241
229
156
166
250
63
154
205
133
81
111
13
59
233
215
27
86
107
235
120
253
235
143
67
83
62
87
217
191
184
67
14
236
102
26
233
107
95
199
162
37
203
26
188
176
91
159
223
180
101
193
134
123
142
46
108
12
0
206
187
134
2
141
89
127
192
58
77
127
235
36
206
196
172
249
28
59
60
219
165
121
55
151
71
160
54
215
92
149
71
81
9
160
52
6
240
136
220
25
12
53
34
17
35
182
236
80
8
102
162
200
253
246
11
203
83
63
104
162
165
0
37
122
89
119
171
193
170
12
59
171
24
107
30
227
18
122
93
78
221
171
199
85
98
229
110
222
133
170
250
251
59
93
179
50
225
103
28
160
170
69
206
214
250
153
164
80
169
57
45
247
148
126
219
93
168
196
78
82
32
215
39
131
107
94
167
206
223
113
162
193
33
215
115
234
34
212
70
246
35
252
187
27
221
28
253
31
3
82
26
226
61
80
145
26
21
180
136
49
239
205
189
250
77
41
62
22
172
227
38
108
223
56
44
28
206
9
102
188
132
158
165
245
152
144
128
138
129
88
11
176
62
232
148
46
247
123
41
17
112
115
190
238
255
240
69
148
174
240
75
243
143
236
25
186
178
78
86
106
185
81
173
1
37
7
72
108
179
1
117
146
17
128
91
11
151
218
153
123
227
67
201
78
21
184
198
142
129
187
248
114
51
244
107
68
91
48
166
41
224
237
1
226
190
242
227
235
164
224
77
125
138
191
102
130
189
159
101
131
195
180
204
102
104
175
215
77
26
241
118
77
245
119
20
35
117
95
39
232
34
162
50
161
105
17
148
108
206
162
85
32
70
38
220
87
70
243
14
2
77
221
227
174
124
119
55
135
12
118
179
177
251
146
194
215
80
115
51
242
121
81
178
168
186
204
125
232
100
33
16
179
145
8
124
139
210
5
72
86
203
55
84
111
143
248
190
141
35
20
166
136
67
37
121
191
184
156
97
191
180
228
166
226
198
71
199
12
239
115
204
189
11
137
103
85
15
165
243
119
18
160
92
135
139
23
214
107
204
37
166
93
100
127
16
247
56
223
158
117
144
171
134
209
6
78
177
172
106
97
195
220
254
63
230
149
155
113
34
110
33
246
94
185
92
193
68
125
37
206
78
107
252
113
136
86
142
76
217
15
222
17
86
159
78
174
221
138
33
23
103
170
2
143
45
202
34
102
12
204
118
17
31
62
53
143
104
117
10
11
224
98
102
22
145
111
237
244
193
12
37
105
117
83
142
81
19
130
14
73
206
73
116
83
130
202
135
182
92
226
91
177
69
199
187
117
53
46
242
211
140
12
205
189
17
167
236
29
177
193
131
53
247
134
153
224
32
101
135
109
167
25
151
228
247
234
170
68
54
85
148
107
214
233
248
178
81
125
146
132
68
74
53
124
239
159
103
241
130
70
80
34
212
166
157
18
104
56
238
126
138
178
46
69
17
23
84
161
54
159
19
112
93
82
216
123
2
226
107
54
109
0
148
57
73
105
209
177
83
153
15
193
24
234
63
180
230
230
115
28
206
253
206
150
174
11
127
119
199
117
73
58
12
141
46
190
173
71
154
219
54
186
41
116
14
67
181
61
49
24
32
52
156
127
109
154
210
127
88
111
143
237
150
192
130
104
107
108
69
44
237
167
214
94
152
179
51
127
78
208
39
244
165
110
196
50
181
14
141
31
59
35
67
160
208
250
189
46
175
125
239
139
247
115
193
194
210
1
117
65
123
231
25
172
4
12
245
167
58
20
204
167
64
163
103
176
15
59
57
237
212
139
50
180
16
201
143
105
74
251
76
117
10
203
190
129
49
106
8
80
73
206
243
112
193
190
175
99
141
238
63
72
252
147
21
122
248
89
30
43
145
49
182
139
228
235
52
155
239
204
107
24
75
240
238
15
112
187
136
7
117
148
114
0
104
131
221
94
183
135
76
187
234
199
53
216
216
215
226
243
159
209
186
Vector Kc : 
237
132
193
157
237
93
248
28
138
185
244
254
248
83
35
91
163
255
43
72
181
223
105
110
47
40
19
210
3
60
45
21
32
57
126
126
203
114
187
54
239
236
167
11
169
159
103
127
235
107
86
1
206
212
99
180
232
41
64
173
7
98
40
80
66
176
179
102
5
154
228
232
126
91
101
100
169
218
110
114
222
250
232
135
12
241
90
143
168
90
2
54
103
48
65
229
39
184
16
125
37
154
164
249
49
149
190
153
219
24
216
179
105
144
78
75
109
156
124
206
218
115
154
122
75
188
235
1
80
111
184
189
151
50
62
73
88
137
79
177
70
160
174
165
190
195
2
97
181
32
0
249
64
162
190
147
30
95
39
173
192
154
138
165
223
212
190
206
251
47
231
135
142
218
186
15
141
198
98
32
199
255
119
93
15
6
82
242
79
140
63
90
89
204
67
28
31
104
67
172
173
51
204
17
252
119
129
59
144
104
183
74
231
80
166
206
145
162
116
237
189
2
39
234
24
168
135
181
59
84
23
83
128
159
25
38
195
253
61
143
240
215
194
57
105
121
77
174
79
74
2
176
102
184
182
130
219
87
254
63
0
192
190
193
178
26
238
29
111
142
229
61
108
138
69
172
191
11
58
218
130
63
124
91
70
105
82
89
198
175
122
33
111
62
132
208
81
225
231
11
69
107
222
120
239
69
42
236
157
150
41
249
199
86
232
183
124
11
164
230
167
35
113
145
129
105
96
52
66
166
117
235
149
122
146
21
218
79
168
138
1
167
35
203
143
225
219
162
186
183
1
95
148
105
2
20
62
243
203
24
178
163
78
66
72
213
132
244
96
191
192
24
64
3
142
97
87
70
213
49
236
235
27
36
197
120
135
176
252
128
74
235
92
106
131
194
200
109
25
251
53
31
29
89
30
197
234
241
130
188
146
158
209
240
161
62
235
199
12
61
229
140
222
48
80
170
215
85
74
181
146
7
221
51
3
151
215
152
188
46
145
205
209
91
242
137
153
58
190
183
219
228
21
173
11
246
3
164
159
145
179
250
246
14
250
107
128
140
61
14
215
12
164
41
125
238
119
190
1
239
57
227
148
38
198
117
27
75
68
3
90
251
240
23
8
163
55
210
89
163
86
107
114
236
38
25
184
76
117
23
219
113
14
65
90
28
61
137
40
49
234
172
177
184
160
90
252
83
95
82
50
12
136
101
158
94
29
187
76
237
25
6
132
17
81
197
9
121
211
92
92
45
157
42
172
142
249
219
41
12
156
165
175
88
21
201
199
10
30
252
123
171
93
21
15
227
23
36
182
23
104
32
62
181
192
177
86
74
58
50
198
185
129
14
31
228
229
193
145
77
147
22
121
38
92
95
31
171
28
26
25
117
102
234
31
136
99
207
213
26
174
148
82
56
180
12
193
54
94
230
179
89
117
247
127
143
68
203
243
202
238
130
171
157
240
107
164
115
93
25
205
148
228
13
172
107
252
211
195
69
233
164
224
186
103
102
222
51
60
116
204
59
235
91
191
181
238
186
212
202
139
61
53
229
100
134
11
232
88
38
63
34
194
92
86
9
170
112
152
218
249
214
195
70
39
220
94
239
142
166
147
19
160
8
170
66
212
1
143
219
186
196
116
154
1
133
86
130
253
6
67
247
1
231
245
21
33
194
91
164
7
9
79
198
134
173
22
48
58
35
14
144
126
220
32
117
211
208
60
81
71
186
127
85
123
69
15
205
ITER_MAX : 
1
